       dB_minmax_zscore  dW_minmax_zscore  dB_minmax_robust  dW_minmax_robust  dB_zscore_robust  dW_zscore_robust       sample
count        100.000000        100.000000        100.000000        100.000000        100.000000        100.000000   100.000000
mean           2.679597          7.247430          2.382140          6.145794          1.436290          3.949070   775.480000
std            1.136581          3.035422          2.119902          5.177655          1.531727          2.946785   478.851055
min            0.565781          1.868210          0.556189          1.715546          0.565659          1.288205    23.000000
25%            1.979004          5.374804          1.267006          3.778962          0.912884          2.722268   391.250000
50%            2.448396          6.779466          1.860582          5.130416          1.160443          3.406817   763.000000
75%            3.289912          8.491149          2.467804          6.895786          1.500419          4.041929  1214.750000
max            6.969053         20.591616         16.840836         47.997648         15.296626         28.524192  1587.000000

Resultados guardados correctamente.